font bitmaps used by generator

"32"
00000;
00000;
00000;
00000;
00000;
00000;
00000;
end

"65"
00000;
00100;
01110;
01110;
11011;
11111;
11011;
end

"66"
00000;
11110;
11011;
11110;
11011;
11011;
11110;
end

"67"
00000;
01110;
11011;
11000;
11000;
11011;
01110;
end

"68"
00000;
11110;
11011;
11011;
11011;
11011;
11110;
end

"69"
00000;
11111;
11000;
11111;
11000;
11000;
11111;
end

"70"
00000;
11111;
11000;
11111;
11000;
11000;
11000;
end

"71"
00000;
01110;
11011;
11000;
11011;
11011;
01101;
end

"72"
00000;
11011;
11011;
11111;
11011;
11011;
11011;
end

"73"
00000;
01100;
01100;
01100;
01100;
01100;
01100;
end

"74"
00000;
01100;
01100;
01100;
01100;
01100;
01100;
11000;
end

"75"
00000;
11011;
11110;
11100;
11100;
11110;
11011;
end

"76"
00000;
11000;
11000;
11000;
11000;
11000;
11110;
end

"77"
00000;
10001;
11011;
11111;
11011;
11011;
11011;
end

"78"
00000;
10110;
11011;
11011;
11011;
11011;
11011;
end

"79"
00000;
01110;
11011;
11011;
11011;
11011;
01110;
end

"80"
00000;
11110;
11011;
11011;
11110;
1100;
1100;
end

"81"
00000;
01110;
11011;
11011;
11011;
11011;
01110;
00110;
00011;
end

"82"
00000;
11110;
11011;
11011;
11110;
11110;
11011;
end

"83"
00000;
01110;
11000;
01110;
00011;
11011;
01110;
end

"84"
00000;
11110;
01100;
01100;
01100;
01100;
01100;
end

"85"
00000;
11011;
11011;
11011;
11011;
11011;
01110;
end

"86"
00000;
11011;
11011;
01110;
01110;
00100;
00100;
end

"87"
00000;
11011;
11011;
11011;
11111;
11011;
10001;
end

"88"
00000;
11011;
11011;
01110;
11011;
11011;
11011;
end

"89"
00000;
110011;
011110;
011110;
001100;
001100;
001100;
end

"90"
00000;
11110;
00110;
01100;
01100;
11000;
11110;
end

"97"
00000;
00000;
01110;
00011;
01111;
11011;
01111;
end

"98"
11000;
11000;
11110;
11011;
11011;
11011;
10110;
end

"99"
00000;
00000;
01110;
11000;
11000;
01110;
end

"100"
00011;
00011;
01111;
11011;
11011;
01101;
end

"101"
00000;
00000;
01110;
11011;
11110;
11000;
01110;
end

"102"
0011;
0110;
1111;
0110;
0110;
0110;
0110;
0110;
1100;
end